0.5
0.63559361415682549943
-0.30004081084089734406e-28
-0.20915600449038774846
-0.29916918833523201212e-28
0.12233031202165075761
-0.2977196950481430405e-28
-0.08413734596534382428
-0.29569713906567165772e-28
0.062278210383990098007
-0.29310823547274628923e-28
-0.047959905123866118988
-0.28996159049338415138e-28
0.037804852812111325751
-0.28626768150903196839e-28
-0.030233803585919122288
-0.28203883347670295011e-28
0.024403463719574908097
-0.27728919243824077255e-28
-0.019816593753502593984
-0.27203469651139994258e-28
0.016156164787213271251
-0.26629304440295182819e-28
-0.013206962647623511125
-0.26008366182322599874e-28
0.010815415680955185859
-0.25342766694051538196e-28
-0.0088676040961645930027
-0.24634783590367874032e-28
0.0072765047260516946303
-0.23886856819296058932e-28
-0.0059741862246600941918
-0.23101585086074691519e-28
0.0049067858756256121744
-0.22281722192410257195e-28
-0.0040311200813822559419
-0.21430173456345267479e-28
0.0033122971908597430631
-0.20549992268213625186e-28
-0.0027219728964409502426
-0.19644376575244435647e-28
0.0022370358151861061624
-0.18716665072328696523e-28
-0.0018385931615271861359
-0.17770333160531929861e-28
0.0015111736541055678873
-0.16808988824735212594e-28
-0.0012420927103186602772
-0.15836368230194538907e-28
0.0010209420079458706497
-0.14856330569087848332e-28
-0.00083917625100568855584
-0.13872851956097479341e-28
0.00068977703668242433059
-0.12890018497969455117e-28
-0.00056697853638631567275
-0.11912018447116649698e-28
0.00046604311502344487225
-0.10943132979305509316e-28
-0.00038307751147546374236
-0.99877252123736885264e-29
0.00031488208743127900504
-0.90502272971345843204e-29
-0.00025882710562335646715
-0.81351253295244400309e-29
0.00021275114065856992867
-0.72469417520756578335e-29
-0.00017487763486432437492
-0.63902150364097353912e-29
0.00014374634240556670735
-0.55694764878116475956e-29
-0.00011815699641621545649
-0.47892239134576834281e-29
0.9712301491129098244e-4
-0.40538918752044941765e-29
-0.79833453747015307358e-4
-0.33678183865833642548e-29
0.6562173590802410365e-4
-0.27352079456142032365e-29
-0.53939949362529983112e-4
-0.21600905184400940221e-29
0.44337721370316265102e-4
-0.16462760887358878095e-29
-0.36444854101128197304e-4
-0.11973052380418298983e-29
0.29957051731237871241e-4
-0.81639689746216474068e-30
-0.24624188539913687828e-4
-0.50639361759005346247e-30
0.20240665584906585743e-4
-0.26970341519036129696e-30
-0.16637484109858990288e-4
-0.10823827000275956497e-30
0.13675730051341816073e-4
-0.23351712165341361248e-31
-0.34658337219336922959e-4
