-0.71564318065512886362e-21
1.27424444144022223
-0.13767306151841938008e-20
-0.42746101541244525793
-0.122010213987688468e-20
0.25984176088200145667
-0.98237716310703205213e-21
-0.18941603221662838668
-0.6975555694407877575e-21
0.15161579050539294962
-0.41083888105036342674e-21
-0.12894718089935783187
-0.17418288249596628367e-21
0.1148389592474183238
-0.37537239281593804802e-22
-1.0067550300159057524
0.14461862251500159024e-36
-0.030539959565254679886
0.27507620177637053666e-36
-1.6849435362290823816
0.23566202720718162866e-36
-0.91671250893784350207
0.1794300662233432993e-36
-1.2375700988313230711
0.11802484305929133796e-36
-0.76115758347377005258
0.63333893316312762917e-37
-0.86707064441139549265
0.24376026866337100928e-37
-0.47617200978236622866
0.48436149545833717555e-38
-0.87431534679833190931
-0.62256974937237977536e-33
-0.27173330539907607709
-0.1206093632017404293e-32
-1.8751305112335960459
-0.1094313981256641849e-32
-1.0945169081104194569
-0.92970090625801888161e-33
-1.2889262704459206801
-0.73656410626904243743e-33
-0.82430232030671107524
-0.54271297890361757009e-33
-0.78462915762178520299
-0.36900125374040917359e-33
-0.46666191097869043801
-0.2300617764665198281e-33
-0.38334335943014611372
-0.12955029410502016046e-33
-0.19732584204806608696
-0.64997547008014638741e-34
-0.14111661955834390901
-0.28080451728649183914e-34
-0.057217784083673605006
-0.10094846787732986732e-34
-0.035179355271243171144
-0.27004956950909117617e-35
-0.0088663671409593863205
-0.46362647222728845948e-36
-0.0045420471720567310445
